



Circuito bicicleteada 2026
[-34.512427000, -58.715722600],
[-34.512427000, -58.715722500],
[-34.512649100, -58.715509300],
[-34.514029300, -58.714520900],
[-34.514278500, -58.714233200],
[-34.513992900, -58.713934900],
[-34.514309000, -58.713527100],
[-34.514706700, -58.712982700],
[-34.515553200, -58.711915200],
[-34.516505800, -58.710745700],
[-34.516178600, -58.710303100],
[-34.516743300, -58.709600400],
[-34.517599600, -58.710507000],
[-34.518614000, -58.709058600],
[-34.517627800, -58.707897100],
[-34.519687000, -58.705144300],
[-34.520382900, -58.704299100],
[-34.521393700, -58.703162900],
[-34.520742700, -58.702466600],
[-34.520448400, -58.702077200],
[-34.520166000, -58.701708600],
[-34.521054400, -58.700608900],
[-34.521083700, -58.700492400],
[-34.521132400, -58.700342200],
[-34.521154400, -58.700210800],
[-34.521084800, -58.700102200],
[-34.521146100, -58.700150900],
[-34.521203000, -58.700087000],
[-34.521147800, -58.699982400],
[-34.520986000, -58.699809200],
[-34.520943300, -58.699727900],
[-34.520957300, -58.699651200],
[-34.521014900, -58.699584000],
[-34.521110500, -58.699523600],
[-34.521237500, -58.699559300],
[-34.521404500, -58.699798900],
[-34.521435600, -58.700100100],
[-34.521765200, -58.700144700],
[-34.521944900, -58.700284800],
[-34.522347400, -58.700635600],
[-34.522720300, -58.700452900],
[-34.523011700, -58.700061100],
[-34.523462300, -58.700511600],
[-34.522403500, -58.701963700],
[-34.522522500, -58.702105300],
[-34.524484600, -58.704221100],
[-34.526473300, -58.706354600],
[-34.525492200, -58.707639800],
[-34.525461300, -58.707312600],
[-34.525438200, -58.707613700],
[-34.525009500, -58.707216700],
[-34.523517900, -58.709170500],
[-34.523276600, -58.709453900],
[-34.523137600, -58.709591300],
[-34.522671400, -58.710289800],
[-34.521929000, -58.711249800],
[-34.520408600, -58.713299200],
[-34.519190900, -58.714917200],
[-34.518569800, -58.715780200],
[-34.517968800, -58.715117700],
[-34.517066200, -58.714264000],
[-34.516657200, -58.714244900],
[-34.516354300, -58.714440400],
[-34.513721000, -58.711711400],
[-34.513056800, -58.710921400],
[-34.512575100, -58.711640200],
[-34.511656800, -58.710665200],
[-34.510805900, -58.709482400],
[-34.510338900, -58.708860100],
[-34.509851200, -58.708217600],
[-34.509285400, -58.707337800],
[-34.508474200, -58.706251500],
[-34.507660900, -58.705125000],
[-34.507131700, -58.705663600],
[-34.504545800, -58.708370800],
[-34.503919900, -58.709081300],
[-34.503856900, -58.709078600],
[-34.503503000, -58.708706900],
[-34.503006600, -58.708375400],
[-34.502270300, -58.708223100],
[-34.501878500, -58.708215900],
[-34.501619200, -58.708294500],
[-34.501153800, -58.708489200],
[-34.500705100, -58.708958600],
[-34.502046900, -58.710484700],
[-34.502174000, -58.710896500],
[-34.502422700, -58.711101700],
[-34.502539800, -58.711123100],
[-34.502683500, -58.711149900],
[-34.503301000, -58.711971600],
[-34.504044500, -58.712723500],
[-34.504463900, -58.713452200],
[-34.505988500, -58.712285300],
[-34.506234700, -58.712684200],
[-34.506489700, -58.713195900],
[-34.506822900, -58.713752400],
[-34.507190100, -58.714504500],
[-34.506396200, -58.715181600],
[-34.507047900, -58.716395200],
[-34.507752100, -58.717709100],
[-34.506789900, -58.718545500],
[-34.508690700, -58.722397100],
[-34.508947100, -58.722220100],
[-34.509190300, -58.722551300],
[-34.509400200, -58.722926100],
[-34.510255600, -58.724513300],
[-34.509241100, -58.725316000],
[-34.509924000, -58.726574700],
[-34.509309600, -58.725362700],
[-34.512054600, -58.723152900],
[-34.512461300, -58.722783100],
[-34.512753000, -58.723338500],
[-34.513533200, -58.722670000],
[-34.514020500, -58.723585600],
[-34.514827800, -58.723026900],
[-34.515157700, -58.723326400],
[-34.514842800, -58.722935900],
[-34.515332300, -58.722438000],
[-34.516256400, -58.721508200],
[-34.515160500, -58.720079500],
[-34.514556000, -58.719058600],
[-34.514051400, -58.718115000],
[-34.513348600, -58.716897300],
[-34.512654600, -58.715679600],


Circuito Mini 2026:
[-34.512492000, -58.715718200],
[-34.512687500, -58.715582700],
[-34.513606300, -58.717160500],
[-34.514159800, -58.718174200],
[-34.514529700, -58.718888300],
[-34.515421200, -58.718068200],
[-34.515950200, -58.717677300],
[-34.516594100, -58.717222000],
[-34.517180800, -58.716398500],
[-34.517667300, -58.715859700],
[-34.517734300, -58.715698000],
[-34.517803900, -58.715641700],
[-34.518023900, -58.715313100],
[-34.518539500, -58.715863100],
[-34.519122600, -58.714861400],
[-34.518754700, -58.714958500],
[-34.518862800, -58.714648900],
[-34.518630500, -58.714290900],
[-34.518155900, -58.713840600],
[-34.518108600, -58.713915700],
[-34.517963900, -58.714130300],
[-34.517830200, -58.714320600],
[-34.516120400, -58.712520200],
[-34.515749100, -58.712118000],
[-34.515643000, -58.712000000],
[-34.514915900, -58.712944200],
[-34.514342400, -58.713633500],
[-34.513941300, -58.714070600],
[-34.514756800, -58.712978900],
[-34.514230700, -58.712311100],
[-34.513198100, -58.713633500],
[-34.512072600, -58.714475700],
[-34.512321800, -58.714986600],
[-34.512675500, -58.715569300],
[-34.512487200, -58.715705900],




Circuito Caminata 2026:
[-34.512639300, -58.715583200],
[-34.513230000, -58.716657500],
[-34.514934500, -58.715350000],
[-34.516009900, -58.714151100],
[-34.516292400, -58.714386800],
[-34.516692600, -58.714843100],
[-34.517097100, -58.715277900],
[-34.517311400, -58.714985500],
[-34.517486000, -58.714781100],
[-34.517699100, -58.714921900],
[-34.518044000, -58.715262800],
[-34.518536400, -58.715783400],
[-34.518988800, -58.715233700],
[-34.518692200, -58.715066200],
[-34.519038500, -58.715161600],
[-34.519189800, -58.714864300],
[-34.519767800, -58.714086100],
[-34.519850000, -58.713970900],
[-34.519905700, -58.713881200],
[-34.520628700, -58.712894700],
[-34.521319500, -58.711872500],
[-34.522277100, -58.710733700],
[-34.523129300, -58.709550100],
[-34.523809200, -58.708747400],
[-34.525135500, -58.706896100],
[-34.525428900, -58.706856400],
[-34.525009500, -58.707216700],
[-34.524439800, -58.708006000],
[-34.523189900, -58.709611600],
[-34.522250600, -58.710995600],
[-34.522174100, -58.710900300],
[-34.519898400, -58.708619600],
[-34.518422700, -58.706982700],
[-34.517703400, -58.708032400],
[-34.517471700, -58.708490400],
[-34.517217900, -58.708841100],
[-34.516671500, -58.709617200],
[-34.516124400, -58.710282100],
[-34.516395200, -58.710764500],
[-34.515499900, -58.711898500],
[-34.514912200, -58.712618100],
[-34.514809500, -58.712883400],
[-34.513992900, -58.713934900],
[-34.514159900, -58.714226800],
[-34.513858500, -58.714438300],
[-34.512587200, -58.715455700],
[-34.512306200, -58.715642900],
[-34.512098000, -58.715272200],

Circuito Maratón 2026:
[-34.512277700, -58.715738000],
[-34.512606700, -58.715760100],
[-34.513183300, -58.716769200],
[-34.512470500, -58.717357900],
[-34.513260600, -58.718676200],
[-34.513090500, -58.719016900],
[-34.513452900, -58.719739700],
[-34.513757900, -58.719545200],
[-34.514394500, -58.720636900],
[-34.515641000, -58.722240900],
[-34.514991000, -58.722857800],
[-34.515083600, -58.723474700],
[-34.514862100, -58.723120600],
[-34.513977100, -58.723678500],
[-34.513453600, -58.722755800],
[-34.512779500, -58.723424300],
[-34.512540800, -58.723135900],
[-34.512408300, -58.722922600],
[-34.511946000, -58.723214200],
[-34.511079200, -58.723936100],
[-34.509080300, -58.725362100],
[-34.509574500, -58.726466300],
[-34.509027100, -58.725362900],
[-34.510035600, -58.724538400],
[-34.508838500, -58.722281400],
[-34.508582100, -58.722458400],
[-34.506681300, -58.718606800],
[-34.507610300, -58.717783800],
[-34.505882900, -58.714445500],
[-34.506599400, -58.713824400],
[-34.506226300, -58.713078000],
[-34.505872700, -58.712477200],
[-34.504343200, -58.713700300],
[-34.503830400, -58.712777600],
[-34.502574900, -58.711211200],
[-34.502062000, -58.710975200],
[-34.501248600, -58.709859400],
[-34.501938300, -58.710546000],
[-34.502574900, -58.710460200],
[-34.502769400, -58.710417300],
[-34.502999200, -58.710159800],
[-34.504466900, -58.708486100],
[-34.505607400, -58.707295200],
[-34.506164500, -58.706683600],
[-34.507131700, -58.705663600],
[-34.507534800, -58.705181600],
[-34.508367800, -58.706174400],
[-34.508953400, -58.707102900],
[-34.509766200, -58.708216100],
[-34.510668600, -58.709583900],
[-34.511521700, -58.710748000],
[-34.512440400, -58.711714700],
[-34.513054300, -58.712431100],
[-34.512586600, -58.713207900],
[-34.513073700, -58.713770100],
[-34.512112200, -58.714494200],
[-34.512578600, -58.715406200],

Nueva caravana:
[-34.496714200, -58.722102300],
[-34.497488400, -58.723491700],
[-34.498297900, -58.724731000],
[-34.499137900, -58.724023000],
[-34.499398700, -58.723411500],
[-34.501209100, -58.721989900],
[-34.501636800, -58.721879900],
[-34.501886000, -58.722082400],
[-34.503832800, -58.720418000],
[-34.504398700, -58.720074700],
[-34.504885000, -58.719613300],
[-34.505194500, -58.719666900],
[-34.508253500, -58.717413900],
[-34.512072600, -58.714475700],
[-34.512513500, -58.715325800],


======================================================================================================0

===============================================================================================

VIEJO
Circuito Mini:
[-34.512679, -58.715693], // el campito
[-34.514071, -58.718160],
[-34.514531, -58.718846],
[-34.516591, -58.717211],
[-34.518054, -58.715292],
[-34.518562, -58.715823],
[-34.519194, -58.714911], // plaza Los Pinos
[-34.518191, -58.713845],
[-34.517802, -58.714321],
[-34.516153, -58.712536],
[-34.517028, -58.711270],
[-34.516498, -58.710732], // Orquesta
[-34.514827, -58.712763],
[-34.514023, -58.714270], // Capilla
[-34.514827, -58.712763],
[-34.514226, -58.712262],
[-34.513152, -58.713639],
[-34.512087, -58.714476],
[-34.512679, -58.715693], // el campito


Circuito Maratón:
[-34.512679, -58.715693], // el campito
[-34.511163, -58.710022], // ES14 / EP 18
[-34.507114, -58.705673], // EP 34 ( Nancy) / Ctro Salud El Sol ( Antonella)
[-34.501216, -58.709533], // ES 12 ( Leandro y David)
[-34.506229, -58.712638], // Ep 35/ ES 42 / Ctro de Salud Magdalena
[-34.506724, -58.718580], // San Nicolás
[-34.509616, -58.726023], // EP11/ ES 29/ Jardín 915
[-34.512281, -58.722938], // Club de Futbol Almafuerte
[-34.511251, -58.721451], // Ctro salud Unión y Progreso / Centro de Jubilados San Roque
[-34.512679, -58.715693], // el campito



Circuito Bicicleteada:
[-34.512679, -58.715693], // el campito
[-34.506724, -58.718580], // San Nicolás
[-34.509616, -58.726023], // EP11/ ES 29/ Jardín 915
[-34.527847, -58.707880], // Cotolengo
[-34.520462, -58.700101], // UNGS
[-34.501216, -58.709533], // ES 12 ( Leandro y David)
[-34.512679, -58.715693], // el campito


